variant_id,stop_id
774946,1705
805419,73
805422,83
805422,2482
805422,73
806431,1704
806432,1704
806432,2477
806432,4248
806466,1705
806466,4201
809873,4248
809873,2040
809873,1705
809910,4013
809910,3976
809910,4026
809910,4002
809911,4003
809911,4025
809911,3976
809911,4014
812503,992
812503,1015
812503,1705
812505,1015
812505,1705
812512,992
812512,1015
812516,3871
812516,992
812516,1015
812540,1705
812541,3977
812541,992
812541,1705
813989,1704
813989,149
813990,148
813990,1705
813999,153
813999,148
817725,2276
817725,3415
817726,3421
817726,2275
817727,2276
817727,3415
819095,2342
819789,3995
819789,2838
819789,3476
819789,74
819789,1025
819793,74
819793,1025
819795,74
819795,1025
821143,1704
821143,72
821143,1125
821143,4804
821143,114
821365,3901
822074,812
822074,3861
822074,4458
822074,4115
822074,4459
822074,4746
822075,4747
822075,4460
822075,4114
822075,4457
822075,3410
823531,1704
823531,149
823531,912
824704,539
824704,527
824706,3272
824706,539
824706,527
825610,2871
825635,3514
825635,508
825635,480
825635,347
825635,2666
825635,4389
825635,4825
825635,2010
825635,4738
825636,2011
825636,4827
825636,4389
825636,2665
825636,348
825636,481
825636,509
826014,2341
826014,375
826014,4413
826015,376
826015,1817
826016,3758
826016,1149
826016,4634
826016,4478
826016,4707
826016,4744
826017,4492
826017,4745
826017,4429
826017,4479
826017,4633
826017,271
826017,3757
826018,2884
826018,1791
826018,4634
826018,4478
826018,4707
826018,4467
826025,812
826025,3861
826025,4458
826025,4115
826025,4709
826025,4481
826025,4678
826025,4461
826025,4746
826027,4747
826027,4462
826027,4678
826027,4480
826027,4710
826027,4114
826027,4457
826027,3410
826155,1239
826155,281
826155,403
826155,2341
826155,1816
826155,4878
826155,4880
826158,4492
826158,4429
826158,4479
826158,3235
826158,1865
826158,251
826167,115
826167,4803
826167,2482
826167,73
826167,1705
826168,115
826168,4803
826168,2482
826168,73
826170,2482
826170,73
826263,3895
826276,3895
826280,4652
826294,1759
826294,116
826308,637
826309,636
826312,4652
826312,637
826342,3514
826342,396
826357,864
826357,3890
826357,3518
826357,3106
826366,638
826439,1160
826439,824
826439,651
826449,604
826449,708
826449,711
826449,3420
826450,604
826450,708
826450,711
826450,3420
826450,2488
826451,3415
826451,2828
826451,707
826451,602
826451,613
826536,4652
826585,3782
826585,378
826615,480
826615,347
826615,2666
826615,4401
826615,2010
826618,3807
826618,349
826618,1215
826618,481
826620,480
826620,347
826620,2666
826620,4401
826620,2010
826623,480
826623,2035
826623,350
826657,1160
826687,1233
826687,3105
826687,509
826690,480
826690,347
826690,2666
826690,4401
826690,2010
826690,864
826956,1704
826956,149
826960,1015
827212,3891
827212,3139
827212,4878
827212,4880
827213,4876
827213,4875
827213,4874
827213,4878
827213,864
827217,3105
827217,927
827489,1819
827774,1819
827792,1901
827792,604
827792,708
827792,711
827792,3420
827793,3415
827793,2828
827793,707
827793,603
827793,1900
827793,4892
827796,1901
827796,604
827796,708
827796,711
827796,3422
827797,3884
827797,3415
827797,2828
827797,707
827797,603
827797,1900
827797,4892
827823,3008
827823,891
827823,1138
827823,211
827823,240
827823,3518
827833,1901
827833,604
827833,708
827833,711
827833,3420
827834,1901
827834,604
827834,708
827834,711
827834,3420
827834,2488
827835,1901
827835,604
827835,708
827835,711
827835,3420
827835,2488
827836,1901
827836,602
827837,603
827837,1900
827861,603
827885,2342
828265,115
828265,4803
828265,2482
828265,73
828265,1705
828266,1704
828266,2251
828266,895
828267,148
828267,1705
828268,2838
828268,3476
828268,74
828268,1025
828269,1704
828269,2251
828270,1704
828270,2251
828270,895
828272,3977
828272,992
828272,1705
828273,115
828273,4803
828273,2482
828273,73
828273,1705
828274,2482
828274,73
828274,1705
828277,4248
828277,2040
828277,1705
828278,4248
828278,2040
828278,1705
828279,895
828280,992
828280,1015
828280,1705
828282,1704
828282,2251
828282,895
828282,3870
828283,3871
828283,992
828283,1015
828283,1705
828284,3871
828284,992
828284,1015
828284,1705
828287,148
828287,1705
828287,4201
828288,148
828289,148
828289,1705
828290,148
828290,1705
828291,153
828291,148
828291,1705
828292,153
828292,148
828292,1705
828293,1705
828295,148
828296,148
828296,1705
828297,148
828297,1705
828298,153
828298,148
828300,153
828300,148
828300,1705
828301,1704
828301,149
828301,153
828302,2838
828302,3476
828302,74
828302,1025
828303,3995
828303,2838
828303,3476
828303,74
828303,1025
828304,3995
828304,2838
828304,3476
828304,74
828304,1025
828305,74
828305,1025
828306,74
828306,1025
828307,1015
828307,1705
828308,1015
828308,1705
828309,3977
828309,992
828309,1015
828309,1705
828310,3977
828310,992
828310,1015
828310,1705
828311,895
828313,3977
828313,992
828313,1705
828314,895
828314,3976
828315,1704
828315,895
828315,3976
828367,2342
828368,2943
828368,179
828369,180
828371,2943
828371,179
828371,4387
828371,4490
828490,650
828490,665
828505,603
828505,1900
828505,4892
828506,1901
828506,602
828508,638
828511,637
828524,1329
828524,665
828663,4288
828663,4300
828663,4754
828663,4285
828663,4283
828663,1217
828663,357
828663,2527
828673,639
828673,3895
828674,1901
828722,2935
828722,2506
828722,3422
828722,2013
828722,761
828723,760
828723,1230
828723,2711
828723,3419
828723,2935
828723,2375
828726,2506
828726,3422
828726,2013
828726,761
828728,760
828728,1230
828728,2711
828728,3419
828728,2375
828833,4255
828833,2934
828833,2781
828833,3415
828839,2255
828839,4660
828839,4566
828839,3608
828839,4432
828839,3415
828839,2828
828839,707
828839,603
828884,3628
828884,4554
828884,3617
828884,3603
828884,3596
828884,3598
828884,4590
828884,2506
828884,3415
828886,4553
828886,2934
828886,2781
828886,3415
828888,3420
828888,2782
828888,4566
828892,3420
828892,2782
828892,3641
828893,3420
828893,2782
828893,3641
828893,2254
828895,4566
828895,2934
828895,2781
828895,3415
828897,2934
828897,2781
828897,3415
828898,2255
828898,2934
828898,2781
828898,3415
828906,4566
828906,3608
828906,4432
828906,3415
828906,2828
828906,707
828906,603
828929,2255
828929,4660
828929,4566
828929,3608
828929,4432
828929,3415
828929,2828
828929,707
828929,603
828931,1092
828931,2255
828931,4660
828931,4566
828931,3608
828931,4432
828931,3415
828931,2828
828931,707
828931,603
828934,3689
828934,2255
828934,4660
828934,4566
828934,3608
828934,4432
828934,3415
828934,2828
828934,707
828934,603
828938,3598
828938,4590
828938,2506
828938,3415
828939,3419
828939,4591
828939,3599
829014,4652
829014,1892
829014,603
829014,1900
829023,639
829023,3899
829027,3415
829027,2828
829028,1248
829028,711
829028,3420
829030,3415
829030,2828
829030,613
829035,935
829035,707
829035,611
829036,2594
829036,934
829042,1230
829042,3421
829042,707
829042,613
829042,637
829043,639
829043,3899
829046,1901
829051,1892
829051,603
829051,1900
829053,4652
829061,708
829061,711
829061,3422
829069,812
829069,3861
829069,4458
829069,4115
829069,4709
829069,4481
829069,4678
829069,4461
829069,4746
829069,4711
829076,616
829076,1248
829076,708
829076,711
829076,3419
829076,2279
829076,4591
829076,3599
829076,3597
829076,3604
829076,3601
829076,3663
829076,1083
829078,616
829078,1248
829078,708
829078,711
829078,3419
829078,2279
829078,4591
829078,3599
829078,3597
829078,3604
829078,3601
829078,4528
829078,3720
829079,3720
829079,4529
829079,3600
829079,3603
829079,3596
829079,3598
829079,4590
829079,2506
829079,3415
829079,2828
829079,707
829079,1819
829080,616
829080,1248
829080,708
829080,711
829080,3419
829080,2279
829080,4591
829080,3599
829080,3597
829080,3604
829080,1086
829080,3632
829080,3621
829080,1092
829081,3689
829081,3736
829081,1093
829081,4254
829081,3617
829081,3603
829081,3596
829081,3598
829081,4590
829081,2506
829081,3415
829081,2828
829081,707
829081,1819
829083,616
829083,1248
829083,708
829083,711
829083,3419
829083,2279
829083,4591
829083,3599
829083,3597
829083,3604
829083,3601
829083,3663
829083,1083
829088,708
829088,711
829088,3419
829088,2279
829088,4591
829088,3599
829088,3597
829088,3604
829088,3601
829088,3663
829088,1083
829094,1200
829094,3662
829094,3600
829094,3616
829094,3603
829094,3596
829094,3598
829094,4590
829094,2506
829094,3415
829094,2828
829094,707
829094,1819
829100,616
829100,1248
829100,708
829100,711
829100,3419
829100,2279
829100,4591
829100,3599
829100,3597
829100,3604
829100,3616
829100,3601
829100,4528
829100,3720
829101,616
829101,1248
829101,708
829101,711
829101,3419
829101,2279
829101,4591
829101,3599
829101,3597
829101,3604
829101,1086
829101,4555
829101,4554
829101,3601
829101,4528
829101,3720
829103,616
829103,1248
829103,708
829103,711
829103,3419
829103,2279
829103,4591
829103,3599
829103,3597
829103,3604
829103,1086
829103,4555
829103,4554
829103,3601
829103,4528
829103,3720
829104,708
829104,711
829104,3419
829104,2279
829104,4591
829104,3599
829104,3597
829104,3604
829104,3616
829104,3601
829104,4528
829104,3720
829106,3720
829106,4529
829106,3600
829106,3616
829106,3603
829106,3596
829106,3598
829106,4590
829106,2506
829106,3415
829106,2828
829106,707
829106,1819
829107,3720
829107,4529
829107,3600
829107,3603
829107,3596
829107,3598
829107,4590
829107,2506
829107,3415
829107,2828
829107,707
829108,3720
829108,4529
829108,3600
829108,3603
829108,3596
829108,3598
829108,4590
829108,2506
829108,3415
829108,2828
829108,707
829109,3601
829109,4529
829109,3600
829109,3603
829109,3596
829109,3598
829109,4590
829109,2506
829109,3415
829109,2828
829109,707
829109,1819
829110,616
829110,1248
829110,708
829110,711
829110,3419
829110,2279
829110,4591
829110,3599
829110,3597
829110,3604
829110,3616
829110,1086
829110,3632
829110,3621
829110,1092
829111,616
829111,1248
829111,708
829111,711
829111,3419
829111,2279
829111,4591
829111,3599
829111,3597
829111,3604
829111,1086
829115,616
829115,1248
829115,708
829115,711
829115,3419
829115,2279
829115,4591
829115,3599
829115,3597
829115,3604
829115,1086
829115,4555
829115,3629
829116,616
829116,1248
829116,708
829116,711
829116,3419
829116,2279
829116,4591
829116,3599
829116,3597
829116,3604
829116,1086
829116,4555
829116,3629
829117,616
829117,1248
829117,708
829117,711
829117,3419
829117,2279
829117,4591
829117,3599
829117,3597
829117,3604
829117,1086
829117,3632
829117,4254
829122,3628
829122,4554
829122,3617
829122,3603
829122,3596
829122,3598
829122,4590
829122,2506
829122,3415
829122,2828
829122,707
829122,1819
829126,4254
829126,3617
829126,3603
829126,3596
829126,3598
829126,4590
829126,2506
829126,3415
829126,2828
829126,707
829126,1819
829179,3421
829179,2275
829181,83
829181,2482
829181,73
829181,3467
829181,2839
829182,3977
829182,992
829182,1015
829182,1705
829183,153
829183,148
829183,1705
829184,153
829184,148
829184,1705
829186,83
829186,2482
829186,73
829186,3467
829186,2839
829186,3994
829187,2838
829187,3476
829187,74
829187,1025
829188,2838
829188,3476
829188,74
829188,1025
829190,378
829190,3890
829190,480
829190,2955
829190,3134
829191,3134
829191,481
829191,3891
829191,2341
829197,3134
829197,481
829197,3891
829197,2341
829200,3134
829200,481
829200,3891
829200,2342
829204,3134
829229,2528
829229,2036
829229,353
829229,4284
829229,4286
829229,4291
829229,4301
829229,4276
829229,4275
829230,4288
829230,4300
829230,4754
829230,4285
829230,4283
829230,1217
829230,357
829230,2527
829231,334
829231,3812
829231,4400
829231,2665
829231,4280
829231,1934
829231,4278
829231,4754
829231,4287
829232,4291
829232,4277
829232,1933
829232,4279
829232,2666
829232,4401
829232,3813
829232,335
829234,334
829234,3812
829234,4400
829234,2665
829234,4280
829234,1934
829234,4278
829236,4277
829236,1933
829236,4279
829236,2666
829236,4401
829236,3813
829236,335
829242,616
829242,1248
829242,708
829242,711
829242,3419
829242,2279
829242,4591
829242,3599
829242,3597
829242,3604
829242,3601
829242,3664
829242,3635
829242,1079
829244,616
829244,1248
829244,708
829244,711
829244,3419
829244,2279
829244,4591
829244,3599
829244,3597
829244,3604
829244,3601
829244,3664
829244,3635
829245,708
829245,711
829245,3419
829245,2279
829245,4591
829245,3599
829245,3597
829245,3604
829245,3601
829245,3664
829245,3635
829247,1200
829247,3662
829247,3600
829247,3603
829247,3596
829247,3598
829247,4590
829247,2506
829247,3415
829247,2828
829247,707
829248,1202
829248,3615
829248,3665
829248,3600
829248,3603
829248,3596
829248,3598
829248,4590
829248,2506
829248,3415
829248,2828
829248,707
829248,1819
829249,1202
829249,3615
829249,3665
829249,3600
829249,3603
829249,3596
829249,3598
829249,4590
829249,2506
829249,3415
829249,2828
829249,707
829250,1202
829250,3615
829250,3665
829250,4529
829250,3600
829250,3603
829250,3596
829250,3598
829250,4590
829250,2506
829250,3415
829250,2828
829250,707
829250,1819
829264,4423
829264,3671
829264,3065
829264,1082
829270,1200
829270,3662
829270,3600
829270,3603
829270,3596
829270,3598
829270,4590
829270,2506
829270,3415
829270,2828
829270,707
829270,1819
829283,3415
829283,2828
829283,707
829283,606
829283,603
829283,1900
829283,4892
829283,1289
829283,2029
829283,1313
829283,637
829283,668
829283,2172
829283,675
829285,469
829285,2905
829285,435
829285,1011
829288,1160
829288,639
829288,3899
829288,1892
829288,604
829288,934
829288,568
829289,568
829289,1189
829289,935
829289,707
829289,613
829289,4652
829289,637
829289,644
829289,1329
829289,665
829303,2899
829303,51
829303,2274
829303,3415
829303,2828
829303,707
829303,603
829303,4892
829328,2274
829328,3415
829328,2828
829330,1188
829330,711
829330,3421
829330,2305
829331,1188
829331,711
829331,3421
829331,2305
829340,2172
829350,2172
829350,675
829351,637
829351,2172
829351,675
829352,469
829352,2905
829352,435
829352,1011
829356,1160
829356,639
829356,3899
829356,1892
829356,604
829356,934
829356,567
829357,568
829357,1189
829357,935
829357,707
829357,613
829357,4652
829357,637
829357,644
829357,1329
829357,665
829358,1160
829358,639
829358,3899
829358,1892
829358,604
829358,568
829358,1034
829358,1701
829359,1160
829359,639
829359,3899
829359,1892
829359,604
829359,934
829359,1034
829359,1701
829359,567
829360,1160
829360,639
829360,3899
829360,1892
829360,604
829360,2117
829360,568
829361,1160
829361,639
829361,3899
829361,1892
829361,604
829361,934
829361,2117
829361,567
829362,1034
829362,1701
829362,568
829362,1189
829362,935
829362,707
829362,613
829362,4652
829362,637
829362,644
829362,1329
829362,665
829363,1034
829363,1701
829363,568
829363,2117
829363,1189
829363,935
829363,707
829363,613
829363,4652
829363,637
829363,644
829363,1329
829363,665
829364,568
829364,2117
829364,935
829364,707
829364,613
829364,4652
829364,637
829364,644
829364,1329
829364,665
829366,1034
829366,1701
829366,935
829366,707
829366,613
829366,4652
829366,637
829366,644
829366,1329
829366,665
829367,568
829367,2117
829367,935
829367,707
829367,613
829367,4652
829367,637
829367,644
829367,1329
829367,665
829368,568
829368,572
829369,568
829370,639
829370,3899
829370,1892
829370,604
829370,934
829371,568
829371,1189
829371,935
829371,707
829371,613
829371,4652
829371,637
829371,644
829372,568
829372,1189
829372,935
829372,707
829372,613
829372,4652
829372,637
829372,644
829378,1248
829378,708
829378,711
829378,3421
829378,2305
829378,728
829417,2899
829417,55
829417,1945
829417,2274
829417,2304
829417,3415
829417,2828
829417,707
829418,3421
829418,2273
829418,2305
829418,1945
829418,2871
829419,2899
829419,55
829419,2274
829419,2304
829419,3415
829419,2828
829419,707
829419,626
829447,2899
829447,3422
829456,603
829456,1061
829456,2880
829457,2880
829457,553
829457,804
829457,637
829464,603
829464,1061
829464,554
829474,568
829475,707
829475,613
829488,1901
829488,604
829488,708
829488,711
829488,3421
829488,2305
829488,2871
829492,4652
829492,637
829492,668
829492,2172
829493,642
829493,636
829493,1312
829493,1176
829493,4517
829493,4893
829493,1901
829493,604
829493,605
829493,708
829493,711
829493,3421
829511,3422
829512,3900
829512,2527
829513,2528
829513,3901
829513,2855
829513,1174
829518,604
829518,708
829518,711
829518,3421
829518,2305
829518,2871
829526,642
829526,636
829526,1312
829526,1176
829526,4893
829526,1901
829526,604
829526,605
829526,708
829526,711
829526,3421
829538,2274
829538,3415
829538,2828
829538,707
829538,613
829538,4652
829538,638
829539,639
829539,3899
829539,1248
829539,708
829539,711
829539,3421
829539,2305
829540,3421
829548,2274
829548,3415
829548,2828
829548,707
829548,613
829551,5109
829554,2528
829554,481
829555,2172
829555,675
829555,5108
829559,3422
829713,1092
829713,2255
829713,4660
829713,4566
829713,3608
829713,4432
829713,3415
829713,2828
829713,707
829713,603
829752,3412
829752,1306
829752,2863
829752,3900
829752,2527
829762,1901
829762,613
829762,3895
829765,3891
829765,3139
829765,4878
829765,4880
829765,4876
829765,4875
829765,4874
829773,1239
829773,281
829773,403
829773,2341
829773,1816
829773,4878
829773,4880
829773,4876
829773,4875
829773,4874
829779,378
829810,788
829816,3901
829816,281
829828,2919
829828,2528
829828,3901
829830,3131
829831,1306
829831,2863
829831,3900
829831,2527
829842,1249
829842,3134
829864,494
829865,2899
829865,51
829865,2274
829865,3415
829865,2828
829865,707
829869,281
829869,403
829869,378
829871,3895
829872,1901
829872,613
829876,812
829876,403
829879,4876
829879,4875
829879,4874
829879,4878
829879,864
829903,927
829907,3884
829907,3415
829907,2828
829907,707
829926,480
829926,2035
829926,350
829928,539
829928,527
829942,3134
829942,481
829942,3891
829942,2341
829943,378
829943,3890
829944,480
829944,2035
829944,350
829944,2010
830170,639
830170,3899
830174,2528
830174,3901
830174,2855
830174,1174
830174,3416
830174,116
830175,553
830175,4892
830175,1330
830175,3517
830175,508
830175,3103
830175,480
830175,2527
830183,378
830183,864
830183,327
830183,2816
830183,546
830183,4893
830183,1901
830183,604
830183,711
830183,3421
830183,2305
830184,2274
830184,3415
830184,2828
830184,603
830184,4892
830184,1330
830184,2815
830184,3891
830184,2342
830190,3415
830190,2828
830190,1819
830190,1330
830190,3517
830208,546
830208,613
830208,637
830210,1266
830210,3412
830210,1306
830210,2863
830210,3900
830210,2527
830213,553
830213,4892
830213,1330
830213,3517
830213,508
830240,2880
830240,553
830240,4892
830240,1330
830240,3517
830240,508
830244,546
830244,4895
830244,554
830244,2880
830252,603
830252,4892
830252,1330
830252,2815
830252,3891
830252,396
830252,2342
830264,26
830264,1330
830264,3517
830264,508
830268,3415
830268,2828
830268,1819
830268,1330
830268,3517
830269,1819
830269,1330
830269,3517
830270,1819
830270,1330
830277,613
830283,2899
830283,55
830283,1945
830283,2274
830283,2304
830283,3415
830283,2828
830283,707
830283,603
830283,4892
830283,1330
830283,3517
830283,508
830286,4628
830292,3899
830292,604
830292,708
830292,711
830292,3421
830292,2305
830292,2871
830293,642
830293,636
830293,1312
830293,1176
830293,4517
830294,3415
830294,2828
830294,707
830294,606
830294,603
830294,1900
830294,4892
830294,1289
830294,2029
830294,1313
830294,637
830294,668
830295,642
830295,636
830295,1312
830295,1176
830295,4517
830295,4893
830295,1901
830295,604
830295,605
830295,708
830295,711
830295,3421
830300,4894
830300,3517
830300,3573
830308,518
830308,436
830308,3134
830309,526
830309,538
830310,526
830310,538
830310,3272
830311,526
830311,538
830336,4876
830336,4875
830336,4874
830336,4878
830336,864
830336,3512
830342,637
830344,553
830344,4892
830345,4652
830345,637
830347,2528
830347,3901
830347,2855
830347,1174
830352,3801
830361,4652
830370,4652
830370,637
830392,4700
830392,3537
830392,638
830392,4646
830393,4647
830393,636
830393,3536
830393,4699
830427,1901
830427,604
830427,708
830427,711
830427,3422
830427,4431
830427,4523
830427,3641
830427,4254
830428,1093
830428,4254
830428,4566
830428,3608
830428,4432
830428,3415
830428,2828
830428,707
830428,603
830429,1093
830429,4254
830429,4566
830429,3608
830429,4432
830429,3415
830429,2828
830429,707
830429,603
830430,1093
830430,4254
830430,4566
830430,3608
830430,4432
830430,3415
830431,4254
830431,4566
830431,3608
830431,4432
830431,3415
830431,2828
830431,707
830431,603
830432,1093
830432,4254
830432,4566
830432,3608
830432,4432
830432,3415
830432,2828
830432,707
830432,603
830433,4254
830433,4566
830433,3608
830433,4432
830433,3415
830433,2828
830433,707
830433,603
830434,1093
830434,4254
830434,4566
830434,3608
830434,4432
830434,3415
830434,2828
830434,707
830434,603
830435,3420
830435,2782
830435,3641
830435,4254
830436,3420
830436,2782
830436,3641
830436,3621
830436,1092
830437,4254
830437,2934
830437,2781
830437,3415
830438,1093
830438,4254
830438,2934
830438,2781
830438,3415
830439,604
830439,708
830439,711
830439,3422
830439,4431
830439,4523
830439,3641
830439,3621
830439,1092
830442,3600
830442,1086
830442,3632
830442,4254
830442,4566
830447,935
830447,707
830447,611
830447,1819
830447,1312
830447,2028
830447,1330
830447,3517
830447,508
830447,3102
830449,1312
830449,2028
830449,3517
830449,508
830449,3102
830459,1312
830459,2028
830459,3517
830459,508
830459,3102
830462,1230
830462,3415
830462,2828
830462,707
830462,1819
830462,1312
830462,2028
830462,1330
830462,3517
830462,508
830541,539
830541,4664
830541,838
830542,33
830542,4663
830542,538
830543,539
830543,4664
830543,838
830544,33
830544,4663
830544,538
830703,480
830703,2035
830704,1002
830706,1215
830706,481
830780,2011
830780,4400
830780,348
830780,1215
830780,481
830781,378
830781,3890
830781,480
830781,2955
830781,3134
830782,378
830782,3890
830782,480
830782,2955
830782,3134
830784,378
830784,3890
830784,480
830784,2955
830784,3134
830799,1215
830799,481
830869,824
830869,1164
830869,5124
830870,1163
830870,666
830888,4125
830888,4137
830888,4122
830888,3906
830888,3514
830888,3519
830890,4376
830890,4125
830890,4137
830890,4122
830890,3906
830890,3514
830890,3519
830904,4894
830904,5123
830904,3517
830904,480
830904,3894
830905,1963
830905,2863
830905,316
830905,3518
830905,3892
830905,1249
830905,3134
830906,3134
830906,5107
830906,3514
830906,317
830906,281
830906,403
830907,1963
830907,2863
830907,316
830907,3518
830907,3892
830907,1249
830907,3134
830908,4706
830908,1963
830908,2863
830908,316
830908,3518
830908,3892
830908,1249
830908,3134
830909,4706
830909,1963
830909,2863
830909,316
830909,3518
830909,3892
830909,1249
830909,3134
830912,3134
830912,5107
830912,3514
830912,317
830912,281
830912,403
830912,3256
830913,3134
830913,5107
830913,3514
830913,317
830913,281
830913,403
830913,4706
830914,3134
830914,5107
830914,3514
830914,317
830914,281
830914,403
830914,4706
830914,3256
830917,469
830917,5107
830917,3514
830917,317
830917,281
830917,403
830917,3256
830925,3933
830925,2863
830925,316
830925,2816
830925,613
830925,3895
830926,3899
830926,1819
830926,2815
830926,317
830926,281
830926,3934
830931,636
830931,818
830931,3517
830931,508
830931,3106
830931,3514
830931,396
830935,637
830935,650
830935,965
830935,1330
830935,3517
830935,480
830943,1160
830943,824
830943,651
830943,3517
830943,508
830943,3106
830943,3514
830943,3901
830947,637
830947,1165
830947,668
830947,2172
830947,675
830947,5110
830949,3899
830949,1819
830949,2815
830949,317
830949,281
830949,3934
830950,3899
830950,1819
830950,2815
830950,317
830950,281
830950,3934
830951,3933
830951,2863
830951,316
830951,2816
830951,613
830951,3895
830954,3933
830954,2863
830954,316
830954,2816
830954,613
830954,4652
830955,3899
830955,1819
830955,2815
830955,317
830955,281
830955,3934
830971,636
830971,818
830971,3517
830971,508
830971,3106
830971,3514
830975,2815
830975,3891
830975,396
830975,2342
830983,650
830983,965
830983,1330
830983,3517
830983,480
830988,3892
830988,1249
830988,3134
830995,3891
830995,3139
830995,4878
830995,4880
830996,3891
830996,3139
830996,4878
830996,4880
830996,4876
830996,4875
830996,4874
830996,4880
830997,1330
830997,5123
831001,977
831001,1871
831001,1782
831003,3892
831003,27
831012,1160
831012,824
831012,651
831012,3517
831012,508
831012,3106
831012,3514
831012,3901
831014,1160
831014,824
831014,651
831014,3517
831014,508
831014,3106
831014,3514
831014,3901
831016,1160
831016,824
831016,651
831016,3517
831016,508
831032,1138
831032,3412
831032,211
831032,240
831036,637
831036,668
831151,378
831151,3890
831151,480
831151,2955
831151,3134
831162,638
831162,3124
831162,4439
831164,638
831164,3124
831164,4439
831172,26
831172,5107
831176,3899
831176,1819
831176,2815
831176,317
831176,281
831176,3934
831183,4125
831183,4137
831183,4122
831187,603
831188,3008
831188,891
831188,1138
831188,3412
831188,211
831188,240
831188,3518
831268,3421
831268,728
831268,3244
831268,3720
831268,4596
831268,3669
831268,3706
831268,3709
831268,1081
831268,3064
831268,3672
831268,4422
831270,1901
831270,604
831270,708
831270,711
831270,3422
831270,4431
831270,4523
831270,3641
831270,3621
831270,1092
831272,3420
831272,2782
831272,4566
831272,4256
831272,2115
831273,1901
831273,604
831273,708
831273,711
831273,3422
831273,4431
831273,4523
831273,3641
831273,3027
831273,4659
831273,2254
831280,3421
831280,728
831280,3244
831280,4596
831280,3669
831280,1702
831280,3706
831280,3709
831280,1081
831280,3064
831280,3672
831280,4422
831281,3421
831281,728
831281,3720
831281,4596
831281,3668
831281,1979
831281,3669
831281,3706
831281,3709
831281,1081
831281,3064
831281,3672
831281,4422
831285,3421
831285,728
831285,4596
831285,3668
831285,1979
831285,3669
831285,3706
831285,3709
831285,1081
831285,3064
831285,3672
831285,4422
831292,1901
831292,604
831292,708
831292,711
831292,3422
831292,4431
831292,4523
831292,4566
831296,3420
831296,2782
831296,4566
831296,2115
831298,1901
831298,604
831298,708
831298,711
831298,3422
831298,4431
831298,4523
831298,3641
831298,3027
831298,4659
831298,2254
831306,3667
831306,3586
831318,3421
831318,728
831318,4596
831318,3668
831318,1979
831318,3669
831318,3706
831655,3134
831655,481
831655,3891
831655,2341
831656,2955
831656,3134
831657,3134
831779,567
831779,2113
831779,4255
831779,3641
831779,4254
831779,3619
831779,1085
831779,3600
831783,567
831783,2113
831783,4255
831783,4566
831804,554
831805,553
831805,4894
831805,5123
831805,3517
831805,480
831805,3894
831807,576
831807,567
831808,582
831808,568
831808,575
831808,4892
831809,575
831809,595
831810,575
831810,555
831810,4892
831812,582
831812,568
831812,575
831812,4892
831812,874
831812,613
831813,575
831814,596
831814,575
831814,555
831814,4892
831815,575
831815,1034
831815,1701
831815,595
831816,596
831816,1034
831816,1701
831816,575
831816,555
831816,4892
831817,575
831817,555
831817,4892
831817,613
831818,596
831818,575
831818,555
831818,4892
831818,613
831823,553
831823,4894
831823,5123
831823,3517
831823,480
831823,3894
831825,575
831825,2028
831825,1330
831825,3517
831825,3105
831825,927
831837,115
831837,1139
831837,981
831837,799
831837,1025
831855,2274
831855,3415
831855,2828
831855,603
831855,4892
831855,1330
831855,2815
831856,2274
831856,3415
831856,2828
831856,603
831856,4892
831856,1330
831856,2815
831862,788
831862,2554
831885,94
831885,1125
831885,3762
831890,115
831890,91
831891,115
831891,91
831891,3136
831892,94
831892,1125
831892,3762
831895,2479
831895,3217
831897,3218
831897,788
831898,115
831898,1139
831898,981
831898,799
831898,1025
831899,91
831899,798
831899,994
831916,212
831916,2479
831916,115
831916,1025
831920,1160
831920,212
831920,2479
831920,115
831921,116
831921,788
831921,1142
831921,665
831926,1759
831926,211
831926,240
831934,180
831934,1142
831934,824
831934,638
831935,2528
831935,481
831935,3891
831935,3933
831935,3182
831935,2855
831935,1174
831935,1142
831935,2172
831935,675
831935,5108
831936,5109
831936,212
831936,1306
831936,281
831936,1962
831936,3934
831936,3890
831936,480
831936,2527
831946,1125
831946,788
831953,1125
831953,788
831953,211
831953,952
831954,1125
831954,788
831956,2479
831956,115
831956,1025
831965,212
831965,2479
831965,115
831969,2479
831969,115
831970,665
831971,212
831971,2479
831971,115
831972,116
831972,788
831973,1160
831976,952
831990,1759
831990,211
831990,240
831991,1759
831991,211
831991,240
831994,1759
831994,1142
832008,637
832008,666
832008,212
832008,195
832008,179
832009,180
832009,1142
832009,824
832009,638
832012,637
832014,2855
832014,1174
832014,1142
832014,2172
832014,675
832014,5108
832015,2528
832015,481
832015,3891
832015,3933
832015,2855
832015,1174
832015,1142
832016,212
832016,1306
832016,281
832016,1962
832016,3934
832016,3890
832016,480
832016,2527
832017,212
832017,1306
832017,281
832026,1759
832026,1142
832042,864
832042,3901
832042,1142
832047,2855
832047,205
832048,2855
832049,3183
832049,2855
832054,91
832054,798
832054,994
832055,1125
832055,788
832055,211
832066,2935
832066,2506
832066,3422
832066,2013
832067,2506
832067,3422
832067,2013
832167,565
832167,553
832167,1900
832167,1061
832167,554
832185,4423
832185,3671
832185,3065
832185,1082
832185,3707
832185,3668
832185,1979
832185,3670
832185,4597
832185,3720
832185,727
832185,3415
832186,4423
832186,3671
832186,3065
832186,1082
832186,3707
832186,3668
832186,1979
832186,3670
832186,4597
832186,727
832186,3415
832187,3720
832187,3245
832187,727
832187,3415
832191,94
832191,1125
832191,3762
832191,5154
832194,2884
832194,240
832194,814
832194,636
832195,3218
832195,788
832195,5154
832195,5160
832195,240
832195,30
832195,305
832195,3900
832196,3901
832196,304
832196,2531
832196,5167
832196,5155
832196,2479
832196,3217
832197,1125
832197,788
832197,5154
832197,240
832197,1330
832197,3517
832197,508
832197,3107
832197,3892
832197,1249
832197,3134
832207,3802
832207,2884
832207,3517
832207,508
832207,3103
832207,480
832207,2035
832208,3412
832208,3547
832208,2884
832208,1151
832208,305
832208,3891
832208,1002
832213,2884
832213,1151
832213,318
832213,3892
832213,27
832219,2884
832219,1306
832219,1151
832219,318
832219,3892
832219,1249
832219,27
832223,187
832223,3221
832223,180
832223,2884
832223,4809
832223,4571
832223,869
832224,1230
832224,3415
832224,2828
832224,707
832224,1819
832224,1312
832224,2028
832224,1330
832224,3517
832224,508
832224,3107
832224,3514
832224,2816
832224,1154
832224,281
832231,116
832231,788
832231,1142
832232,94
832232,1125
832232,3762
832232,5154
832232,5160
832232,952
832234,799
832234,94
832234,1125
832234,3762
832234,5154
832235,5167
832235,5155
832235,115
832235,91
832235,3136
832244,2884
832244,240
832244,1165
832245,788
832245,5154
832245,5160
832245,240
832245,30
832245,305
832245,3900
832247,304
832247,2531
832247,5167
832247,5155
832249,5154
832249,5160
832249,240
832249,30
832249,305
832249,3900
832251,1125
832251,788
832251,5154
832251,240
832251,1330
832251,3517
832251,508
832251,3107
832251,3892
832251,1249
832251,3134
832253,788
832253,5154
832253,240
832254,1125
832254,788
832254,5154
832254,240
832254,1330
832254,3517
832254,508
832282,16
832282,198
832282,3547
832282,2884
832282,1151
832282,494
832282,3518
832282,3102
832283,16
832283,198
832283,3547
832283,2884
832283,1151
832283,494
832283,3518
832285,3802
832285,2884
832285,3517
832285,508
832285,3103
832285,480
832285,2035
832286,3802
832286,2884
832286,3517
832286,508
832286,3103
832286,480
832286,2035
832287,3802
832287,2884
832287,3517
832287,508
832290,2884
832294,396
832294,3890
832294,304
832294,2855
832295,396
832295,3890
832295,304
832295,2855
832296,3890
832296,304
832296,2855
832297,3890
832297,304
832298,1151
832298,305
832298,3891
832298,1002
832299,3412
832299,3547
832299,2884
832299,1151
832299,305
832299,3891
832299,1002
832301,1151
832301,305
832301,3891
832302,1151
832302,305
832302,3891
832303,1151
832303,305
832303,3891
832308,1151
832308,318
832308,3892
832308,27
832309,2884
832312,26
832312,5125
832312,3906
832312,319
832314,26
832314,5125
832314,3906
832314,319
832329,1151
832329,318
832329,3892
832329,1249
832329,27
832330,2884
832330,4809
832333,26
832333,5107
832333,3906
832333,319
832340,187
832340,3221
832340,180
832340,2884
832340,4809
832340,4571
832340,869
832340,5123
832342,187
832342,3221
832342,180
832342,2884
832342,4809
832343,1230
832343,3415
832343,2828
832343,707
832343,1819
832343,1312
832343,2028
832343,1330
832343,3517
832343,508
832343,3107
832343,3514
832343,2816
832343,1154
832343,281
832344,1151
832344,494
832344,2815
832344,3518
832379,5167
832379,5155
832379,115
832379,91
832404,637
832404,666
832404,212
832404,195
832404,179
832418,527
832418,1253
832418,838
832418,1330
832418,4871
832418,2815
832419,868
832419,494
832419,2816
832419,4872
832420,2815
832421,868
832421,494
832421,2816
832421,4872
832421,1177
832421,1176
832421,4517
832520,4423
832520,3671
832520,3065
832520,1082
832520,3707
832520,3670
832520,4597
832520,3720
832520,727
832520,3415
832521,3598
832521,4590
832521,2506
832521,3421
832521,2305
832521,2871
832521,3652
832521,3646
832521,3036
832521,1979
832521,3669
832521,1702
832521,3706
832521,3588
832521,3666
832521,3722
832522,3667
832522,3707
832522,1703
832522,3668
832522,1731
832522,3037
832522,3647
832522,3653
832522,2899
832522,2274
832522,3419
832522,4591
832522,3599
832523,3600
832523,1086
832523,3618
832523,4254
832523,4566
832523,4256
832523,2113
832523,568
832523,575
832524,4423
832524,3671
832524,3065
832524,1082
832524,3707
832524,3670
832524,4597
832524,3720
832524,4529
832524,727
832524,3415
832526,4423
832526,3671
832526,3065
832526,1082
832526,3707
832526,3668
832526,1979
832526,3670
832526,4597
832526,3720
832526,727
832526,3415
832528,3720
832528,3245
832528,727
832528,3415
832531,3421
832531,2305
832531,2871
832531,3652
832531,3646
832531,3036
832531,1979
832531,3669
832531,1702
832531,3706
832531,3588
832531,3666
832531,3722
832532,3667
832532,3707
832532,1703
832532,3668
832532,1731
832532,3037
832532,3647
832532,3653
832532,2899
832532,2274
832532,3415
832533,3421
832533,2305
832533,2871
832533,3652
832533,3646
832533,3645
832533,3722
832534,3721
832534,3644
832534,3036
832534,1731
832534,3037
832534,3647
832534,3653
832534,2899
832534,2274
832534,3415
832535,3721
832535,3644
832535,3036
832535,1731
832535,3037
832535,3647
832535,3653
832535,2899
832535,2274
832535,3419
832535,4591
832535,3599
832537,3598
832537,4590
832537,2506
832537,3421
832537,2305
832537,2871
832537,3652
832537,3646
832537,3036
832537,1731
832537,3037
832537,3645
832537,3722
832538,4566
832538,4256
832538,2113
832538,568
832538,575
832552,4652
832552,1819
832552,1330
832552,3517
832552,508
832552,3102
832552,3514
832552,1154
832552,255
832552,1759
832552,15
832558,2274
832558,3415
832558,2828
832558,707
832558,1819
832558,1289
832558,2028
832558,5167
832558,5155
832558,212
832559,1142
832559,5154
832559,5162
832559,1176
832559,1178
832559,1248
832559,708
832559,711
832559,3421
832559,2305
832559,728
832560,396
832560,3890
832560,304
832560,2855
832560,255
832560,1759
832560,3416
832562,4681
832562,4571
832562,3517
832563,4570
832563,255
832564,4681
832564,4571
832564,869
832565,242
832565,1813
832565,212
832565,3547
832567,26
832567,5125
832567,3906
832567,319
832567,2855
832567,255
832568,2899
832568,55
832568,1945
832568,2274
832568,2304
832568,3415
832568,2828
832568,707
832568,603
832568,4892
832568,1330
832568,3517
832568,508
832568,3102
832568,3514
832568,2861
832568,1149
832568,251
832570,4570
832570,255
832570,261
832570,179
832570,3222
832570,188
832574,1149
832574,4681
832574,240
832574,1782
832574,639
832574,3899
832575,4652
832575,637
832575,666
832575,212
832575,255
832575,271
832575,2863
832576,284
832576,2861
832576,1149
832576,1865
832576,4681
832576,1142
832576,824
832576,639
832576,3895
832577,2816
832577,952
832577,1782
832577,4894
832577,3517
832581,647
832581,639
832581,3899
832581,1248
832581,708
832581,711
832581,3421
832581,2305
832582,2274
832582,3415
832582,2828
832582,707
832582,613
832582,4652
832582,638
832582,700
832583,26
832583,5107
832583,3906
832583,319
832583,2855
832583,255
832584,666
832584,255
832584,271
832584,281
832584,403
832584,378
832585,2342
832585,1963
832585,3182
832585,2861
832585,1149
832585,4681
832585,1142
832585,824
832587,3514
832587,1154
832587,255
832587,1759
832587,15
832590,3901
832590,952
832590,815
832590,1782
832590,638
832592,638
832594,3901
832594,952
832594,815
832594,1782
832594,638
832595,637
832598,2884
832598,271
832598,281
832603,94
832603,1125
832603,3762
832603,5160
832605,1142
832605,1176
832605,613
832606,1176
832606,1178
832606,1248
832606,708
832606,711
832606,3421
832606,2305
832606,728
832607,396
832607,3890
832607,304
832607,2855
832607,255
832607,1759
832607,3416
832608,4681
832608,4571
832608,3517
832608,3518
832610,4681
832610,1142
832611,4681
832611,4571
832611,869
832611,5123
832611,3517
832613,4681
832615,255
832617,242
832617,1813
832617,212
832617,3547
832617,251
832618,952
832619,212
832619,3547
832620,251
832620,1759
832620,211
832620,240
832623,3901
832623,315
832623,1782
832624,26
832624,5125
832624,3906
832624,319
832624,2855
832624,255
832625,26
832625,5125
832625,3906
832625,319
832625,2855
832625,255
832626,255
832627,2884
832627,271
832627,2863
832627,3518
832627,3102
832628,1149
832628,251
832629,2861
832629,4706
832629,1149
832629,251
832630,255
832630,261
832630,179
832630,3222
832630,188
832636,255
832636,271
832640,1149
832640,4681
832640,240
832640,1782
832642,1149
832642,251
832643,666
832643,212
832643,255
832643,271
832643,2863
832644,284
832644,2861
832644,1149
832644,1865
832644,4681
832644,1142
832644,824
832644,639
832645,4652
832645,637
832645,666
832645,212
832645,255
832645,271
832647,666
832647,212
832647,255
832647,271
832649,1149
832649,4681
832649,1142
832649,824
832649,639
832649,3895
832650,284
832650,2861
832650,1149
832650,4681
832650,1142
832650,824
832651,666
832651,212
832651,255
832651,271
832651,2863
832652,2816
832652,952
832652,1782
832660,647
832660,639
832660,3899
832660,1248
832660,708
832660,711
832660,3421
832660,2305
832661,647
832661,637
832662,638
832662,700
832663,26
832663,5107
832663,3906
832663,319
832663,2855
832663,255
832664,255
832666,2342
832666,1963
832666,3182
832666,2861
832666,1149
832666,4681
832666,1142
832666,824
832667,2342
832667,1963
832667,3182
832667,2861
832667,1149
832667,4681
832667,1142
832667,824
832667,4562
832670,666
832670,255
832670,271
832670,281
832670,403
832670,378
832677,3901
832677,952
832677,815
832677,1782
832677,638
832678,242
832678,255
832678,271
832678,281
832678,3782
832678,378
832679,2342
832679,3781
832679,2861
832679,1149
832679,4681
832681,4681
832681,4571
832681,869
832681,5123
832681,3517
832682,242
832682,255
832682,271
832682,281
832682,378
832683,2342
832683,2861
832683,1149
832683,4681
832685,271
832685,281
832685,3782
832685,378
832686,2861
832686,1149
832686,4681
832688,1153
832688,2342
832688,2861
832688,1149
832688,4681
832689,242
832689,255
832689,271
832689,281
832689,3782
832689,378
832689,1153
832690,242
832690,255
832690,271
832690,281
832690,378
832690,1153
832691,1153
832691,2342
832691,3781
832691,2861
832691,1149
832691,4681
832692,1153
832692,2342
832692,2861
832692,1149
832692,4681
832694,255
832694,271
832694,281
832694,378
832696,255
832696,271
832696,281
832696,378
832696,1153
832699,255
832699,271
832699,281
832768,812
832768,3861
832768,4458
832768,4115
832768,4459
832768,4455
832769,4456
832769,4460
832769,4114
832769,4457
832769,3410
832770,2884
832770,1791
832770,4634
832770,4478
832770,4707
832770,4467
832771,4492
832771,4429
832771,4479
832771,3235
832771,1865
832771,251
832772,180
832773,812
832773,3861
832773,4458
832773,4115
832773,4459
832773,4455
832773,4707
832773,4744
832773,4493
832773,4497
832774,4496
832774,4490
832774,4745
832774,4465
832774,4456
832774,4460
832774,4114
832774,4457
832774,3410
832777,2884
832777,1791
832777,4634
832777,4478
832777,4465
832777,4746
832779,4747
832779,4429
832779,4479
832779,3235
832779,1865
832779,251
832780,4429
832780,4479
832780,3235
832780,1865
832780,251
832781,4387
832781,180
832782,4456
832782,4460
832782,4114
832782,4457
832782,3410
832783,4496
832783,4490
832783,4745
832783,4465
832783,4456
832783,4460
832783,4114
832783,4457
832783,3410
832852,16
832852,198
832852,3547
832852,2884
832852,1151
832852,494
832852,3518
832852,3102
832852,509
832852,3519
832852,546
832852,613
832852,3895
832855,509
832855,3519
832855,841
832855,2029
832855,1313
832855,637
832855,3833
832856,3008
832856,891
832856,1138
832856,211
832856,240
832856,3105
832856,509
832856,3519
832856,546
832856,4895
832856,554
832856,2880
832858,3008
832858,891
832858,1138
832858,3412
832858,211
832858,240
832858,3518
832858,3104
832858,509
832858,3519
832858,546
832858,27
832859,3519
832859,2816
832859,4570
832859,255
832860,3519
832860,546
832860,1248
832860,711
832860,3420
832861,1215
832861,481
832861,3104
832861,509
832861,3519
832861,255
832861,3801
832862,2884
832862,271
832862,2863
832862,3518
832862,3102
832862,509
832862,3519
832862,2953
832862,546
832862,4893
832862,604
832862,708
832862,711
832862,3421
832862,2273
832862,2305
832862,1945
832862,2871
832863,1151
832863,494
832863,2815
832863,3518
832863,3102
832863,509
832863,3519
832863,841
832863,2029
832863,1313
832863,1248
832863,708
832863,711
832863,3422
832864,1233
832864,3105
832864,509
832864,3519
832864,841
832864,1176
832864,804
832864,576
832864,567
832866,509
832866,3519
832866,2953
832866,841
832866,2029
832866,1313
832866,1248
832866,2594
832866,934
832878,509
832878,3519
832878,546
832878,613
832878,3895
832879,509
832879,3519
832879,546
832879,613
832879,637
832882,2528
832882,481
832882,3103
832882,509
832882,3519
832882,546
832882,4895
832882,554
832887,509
832887,3519
832887,841
832887,2029
832887,1313
832887,637
832892,1142
832893,1142
832894,5167
832894,5155
832894,212
832899,509
832899,3519
832899,546
832899,27
832900,3514
832900,3519
832900,2816
832900,4570
832900,255
832902,3519
832902,546
832902,1248
832902,711
832902,3420
832903,3519
832903,546
832903,613
832904,4626
832904,4570
832904,255
832905,509
832905,3519
832905,2953
832905,546
832905,4893
832906,3901
832906,304
832906,2531
832906,5167
832906,5155
832918,2330
832918,2528
832918,481
832918,3519
832918,4895
832918,554
832919,3893
832919,481
832919,3519
832919,4895
832919,554
832920,2330
832920,2528
832920,481
832920,3519
832920,4895
832920,554
832928,2528
832928,481
832928,3103
832928,509
832928,3519
832928,546
832928,4895
832928,554
832934,638
832934,3124
832935,3123
832935,636
832936,4728
832936,4521
832936,3123
832936,636
832937,4521
832937,3123
832937,636
832938,3123
832938,636
832939,4728
832939,4521
832939,3123
832939,636
832955,481
832955,3519
832955,814
832955,638
832956,1249
832956,27
832957,667
832957,636
832958,242
832958,255
832958,261
832958,179
832958,3800
832959,3799
832959,3802
832959,180
832959,2884
832959,4809
832959,2723
832960,3517
832960,3518
832960,1218
832960,3894
832960,4138
832960,4123
832961,4652
832961,636
832961,818
832961,242
832961,255
832961,271
832962,637
832962,815
832962,242
832962,255
832963,636
832963,818
832963,964
832963,4381
832963,493
832963,494
832963,3900
832964,553
832964,4894
832964,5123
832964,3517
832964,480
832964,2527
832965,4894
832965,4570
832965,255
832966,2884
832966,4571
832966,869
832966,4626
832966,4893
832967,26
832967,1330
832967,3517
832967,508
832967,3104
832967,3514
832967,242
832967,212
832967,2579
832967,3416
832967,1251
832967,2999
832968,469
832968,5107
832968,3906
832968,3104
832968,3519
832968,547
832968,242
832968,5155
832968,2479
832969,636
832969,818
832969,3517
832969,508
832969,3106
832969,3514
832969,1000
832969,2342
832970,864
832970,3890
832970,3518
832970,3106
832970,509
832970,3519
832970,2816
832970,545
832970,1782
832970,638
832971,864
832971,3890
832971,3518
832971,3106
832971,509
832971,3519
832971,2816
832971,545
832971,1782
832971,638
832972,977
832972,818
832972,4381
832973,2880
832973,553
832973,4892
832973,1330
832973,3517
832973,508
832973,3105
832973,3514
832973,545
832973,242
832973,212
832973,129
832973,1251
832974,3890
832974,3518
832974,3106
832974,509
832974,3519
832974,2816
832974,545
832974,650
832974,665
832975,378
832975,864
832975,327
832975,2816
832976,481
832976,3519
832976,814
832976,638
832978,481
832978,3519
832978,814
832980,242
832980,212
832980,2479
832980,1025
832982,242
832982,5167
832982,5155
832982,115
832982,91
832983,242
832983,5167
832983,5155
832983,115
832983,91
832983,3136
832985,242
832985,255
832985,271
832985,281
832985,378
832986,667
832986,636
832988,636
832990,255
832990,261
832990,179
832990,3800
832991,261
832991,179
832991,3800
832992,242
832992,255
832992,261
832992,179
832992,3800
832993,255
832993,261
832993,179
832993,3800
832994,242
832994,255
832994,261
832994,2492
832994,3800
832997,3799
832997,3802
832997,2869
832997,2884
832997,4809
832997,2723
832998,3517
832998,3518
832998,1218
832998,3894
832998,4138
832998,4123
832998,4375
832999,3884
832999,3415
832999,2828
832999,707
833000,818
833000,964
833000,4381
833003,4652
833003,636
833003,818
833003,242
833003,255
833003,271
833003,4706
833005,636
833005,242
833005,255
833005,271
833006,636
833006,242
833006,255
833006,271
833011,815
833011,242
833011,255
833012,636
833012,818
833012,964
833012,4381
833012,493
833012,494
833012,3900
833014,255
833015,2884
833016,2899
833016,51
833016,2274
833016,3422
833017,3514
833017,545
833017,242
833017,212
833017,2579
833017,3416
833017,1251
833017,2999
833018,26
833018,1330
833018,3517
833018,508
833018,3104
833018,3514
833018,545
833018,242
833018,212
833018,2579
833018,3416
833020,26
833020,1330
833020,3517
833020,545
833020,543
833021,469
833021,5107
833021,3906
833021,3104
833021,3519
833021,547
833021,242
833021,5155
833022,3906
833022,3104
833022,3519
833022,547
833022,242
833022,5155
833022,2479
833023,3134
833023,5107
833023,3906
833023,509
833023,3519
833023,547
833025,3134
833025,5107
833025,3906
833025,3104
833025,3519
833025,547
833025,242
833025,5155
833025,2479
833030,864
833030,3890
833030,3518
833030,3106
833030,509
833030,3519
833030,2816
833030,545
833030,1782
833030,638
833031,509
833031,3519
833031,2816
833031,545
833031,1782
833031,638
833032,864
833032,3890
833032,3518
833032,3106
833032,509
833032,3519
833032,2816
833032,545
833032,1782
833032,638
833034,977
833034,818
833034,4381
833035,818
833035,4381
833039,509
833039,3519
833040,2528
833040,481
833040,509
833040,3519
833040,547
833041,509
833041,3519
833041,547
833042,3890
833042,3518
833042,3106
833042,509
833042,3519
833042,2816
833042,545
833042,650
833042,665
833043,1233
833043,3105
833043,509
833043,3519
833043,547
833046,4876
833046,4875
833046,4874
833046,4878
833046,864
833046,3890
833046,3519
833049,481
833049,3519
833049,814
833049,638
833050,1249
833050,27
833051,3517
833051,3518
833051,1218
833051,3894
833051,4138
833051,4123
833052,4652
833052,636
833052,818
833052,242
833052,255
833052,271
833053,553
833053,4894
833053,5123
833053,3517
833053,480
833053,2527
833054,4876
833054,4875
833054,4874
833054,4878
833054,1817
833054,2342
833054,1963
833054,2855
833054,1142
833055,3517
833055,3518
833055,1218
833055,3894
833055,4138
833055,4123
833055,4375
833058,4876
833058,4875
833058,4874
833058,4878
833058,864
833058,3890
833058,3519
833061,4876
833061,4875
833061,4874
833061,4878
833061,1817
833061,2342
833061,1963
833061,2855
833063,4876
833063,4875
833063,4878
833063,1817
833063,2342
833063,1963
833063,2855
833064,212
833064,1251
833065,891
833065,211
833066,891
833066,211
833067,1251
833070,891
